10-11 -1.104614e-01 8.012234e-02 -6.956555e-02 -1.209230e-01
10-11 -1.075731e-01 8.088812e-02 -5.929229e-02 -9.117012e-02
10-11 -9.786592e-02 8.271034e-02 -6.392123e-02 -3.029351e-02
10-11 -9.539440e-02 7.871080e-02 -7.251265e-02 -1.322640e-01
10-11 -3.022021e-02 7.518706e-02 5.002069e-02 -2.134607e-01
10-11 -6.680370e-02 7.313981e-02 -2.141772e-01 -9.952895e-02
10-11 -3.092992e-02 7.344796e-02 -1.025115e-01 -7.997725e-02
10-11 -3.302555e-02 6.713180e-02 -1.443024e-02 -6.417471e-02
10-11 -2.272368e-02 6.908699e-02 -9.469060e-02 -1.798142e-02
10-11 -3.516845e-02 7.081293e-02 -1.013519e-01 -2.874248e-02
10-11 -1.016751e-01 6.872014e-02 -8.218664e-02 -6.105474e-02
10-11 -9.906465e-02 6.418550e-02 -9.509861e-02 -1.032666e-01
10-11 -9.363742e-02 7.106701e-02 -1.711792e-01 -1.157891e-01
10-11 -9.178753e-02 7.004626e-02 -1.810584e-01 -1.380415e-01
10-11 -9.566992e-02 6.688802e-02 -1.824707e-01 -1.843647e-01
10-11 -9.747011e-02 6.396405e-02 -1.234529e-01 -1.431205e-01
10-11 -8.320983e-02 6.948074e-02 -3.104418e-02 -1.508325e-01
10-11 -5.299409e-02 7.014459e-02 -1.277070e-02 -1.966456e-01
10-11 -6.187790e-02 7.206237e-02 -6.071471e-02 -1.012683e-01
10-11 -5.139052e-02 7.172851e-02 1.379065e-02 -4.467394e-02
10-11 -2.290971e-02 6.661976e-02 1.813612e-01 1.300109e-03
10-11 -8.901308e-02 6.406774e-02 1.510225e-02 1.935155e-02
10-11 -8.797818e-02 6.378654e-02 -4.995748e-02 1.764138e-02
10-11 -8.070834e-02 6.294018e-02 6.221783e-02 1.806137e-02
10-11 -9.158303e-02 6.012117e-02 2.348407e-02 2.729194e-02
10-11 -9.180397e-02 6.082230e-02 -6.109136e-02 3.105226e-02
10-11 -8.860655e-02 6.178103e-02 -3.003524e-02 -5.364414e-02
10-11 -7.631636e-02 6.008752e-02 3.566459e-02 -4.880371e-02
10-11 -7.593254e-02 6.034024e-02 5.846741e-02 1.539717e-01
10-11 -7.666075e-02 6.092107e-02 5.760771e-02 1.108483e-01
10-11 -6.078925e-02 5.793144e-02 1.499330e-01 -1.363089e-02
10-11 -5.547591e-02 5.775945e-02 1.968156e-02 9.257608e-02
10-11 -6.256034e-02 5.807878e-02 -3.254316e-02 1.164681e-01
10-11 -4.679986e-02 5.394435e-02 5.371245e-02 -3.593201e-02
10-11 -6.228826e-02 5.225525e-02 1.395821e-01 1.004552e-01
10-11 -7.095826e-02 5.805340e-02 9.513085e-02 2.836489e-01
10-11 -6.982532e-02 6.290115e-02 1.182827e-01 1.581528e-01
10-11 -7.262254e-02 5.976461e-02 1.343148e-01 -2.798202e-02
10-11 -8.593416e-02 5.613693e-02 -4.691709e-02 9.235611e-02
10-11 -8.580765e-02 5.539913e-02 -4.806748e-02 1.328587e-01
10-11 -8.394198e-02 5.234373e-02 6.422950e-02 -1.694094e-02
10-11 -9.449970e-02 5.032761e-02 1.290038e-01 6.873332e-02
10-11 -9.643005e-02 5.173226e-02 3.671702e-02 1.009153e-01
10-11 -9.856519e-02 5.866676e-02 -3.152624e-02 -2.313162e-02
10-11 -1.015119e-01 6.242316e-02 3.018631e-02 -3.353263e-02
10-11 -1.089790e-01 6.881127e-02 1.220993e-01 9.213869e-02
10-11 -1.103660e-01 7.449424e-02 9.718402e-02 7.941857e-02
10-11 -1.597512e-02 7.527903e-02 1.031909e-01 1.808195e-02
10-11 -1.014273e-01 7.278472e-02 -2.772579e-02 -1.899193e-02
10-11 -1.155652e-01 7.242288e-02 4.441123e-03 -6.233644e-02
10-11 -1.168252e-01 7.103091e-02 -1.913497e-02 -2.935291e-02
10-11 -9.439100e-02 6.365891e-02 2.795421e-02 8.256691e-02
10-11 -1.160508e-01 5.988499e-02 -5.387307e-02 -2.352181e-02
10-11 -9.672099e-02 5.348569e-02 -1.514474e-01 -1.235277e-01
10-11 -1.164458e-01 5.468308e-02 -1.197494e-01 -9.500621e-04
10-11 -1.049153e-01 5.192347e-02 -5.931137e-02 5.430338e-03
10-11 -1.052311e-01 4.685574e-02 2.376476e-02 -1.184361e-01
10-11 -1.036897e-01 4.626178e-02 4.420909e-03 -2.229112e-02
10-11 -2.978924e-02 5.569425e-02 2.831040e-02 1.004971e-01
10-11 -7.271040e-02 5.861157e-02 -8.885871e-02 -7.957587e-02
11-12 -1.023417e-01 3.891655e-02 2.284541e-02 6.100227e-04
11-12 -9.915601e-02 3.973005e-02 -8.411808e-03 2.254088e-02
11-12 -9.903744e-02 4.775875e-02 5.799209e-02 -4.823257e-02
11-12 -7.472604e-02 5.183752e-02 1.713092e-01 1.975117e-02
11-12 -1.052131e-01 4.976340e-02 6.314475e-02 7.357396e-02
11-12 -1.027519e-01 4.979501e-02 6.870496e-02 2.697152e-02
11-12 -5.131538e-02 5.685636e-02 3.073261e-01 -7.504539e-02
11-12 -4.584678e-02 5.723831e-02 3.285041e-01 -4.670333e-02
11-12 -3.340962e-02 6.595823e-02 2.529763e-01 -1.134701e-01
11-12 -4.939709e-02 7.116882e-02 1.870799e-01 -1.244529e-01
11-12 -1.215956e-01 7.188660e-02 -3.306972e-02 -7.570787e-02
11-12 -1.296851e-01 6.757403e-02 -5.226734e-02 2.111200e-02
11-12 -1.246406e-01 6.994973e-02 -1.212655e-01 -1.155116e-01
11-12 -1.123090e-01 6.383827e-02 -8.783045e-02 -8.863759e-02
11-12 -1.222475e-01 6.001020e-02 -6.245784e-02 -3.682279e-02
11-12 -1.286102e-01 5.533993e-02 -5.919883e-02 4.860314e-03
11-12 -1.160732e-01 5.574990e-02 -9.272391e-03 -1.379087e-02
11-12 -1.084858e-01 5.900678e-02 1.963455e-02 3.200222e-04
11-12 -1.185767e-01 6.910693e-02 -9.259667e-02 -8.600799e-02
11-12 -1.157490e-01 6.914952e-02 -1.583824e-01 -1.023998e-01
11-12 -3.632252e-02 6.290755e-02 1.857456e-01 -8.817712e-02
11-12 -1.174880e-01 6.565802e-02 -6.501899e-04 -1.302109e-01
11-12 -1.258176e-01 6.986302e-02 -2.206752e-02 -9.276849e-02
11-12 -1.209447e-01 7.435608e-02 -2.157662e-02 -4.131423e-02
11-12 -1.112664e-01 7.505268e-02 7.085775e-02 -5.924642e-02
11-12 -1.196856e-01 7.236273e-02 5.608640e-02 -1.024201e-01
11-12 -1.250686e-01 7.066435e-02 1.690543e-03 4.789445e-02
11-12 -1.224380e-01 7.079231e-02 8.999741e-02 1.050896e-01
11-12 -1.180925e-01 6.347733e-02 1.849811e-01 6.176463e-02
11-12 -1.241051e-01 6.199591e-02 4.803448e-02 6.388464e-02
11-12 -1.229198e-01 6.061327e-02 -3.850115e-02 9.917675e-02
11-12 -1.161059e-01 6.207400e-02 4.575173e-02 -3.894282e-02
11-12 -1.169024e-01 6.549633e-02 5.013320e-02 -1.768145e-02
11-12 -7.105718e-02 7.536310e-02 -2.431450e-01 5.120534e-02
11-12 -1.225892e-01 7.136014e-02 4.811386e-03 1.010095e-02
11-12 -1.280226e-01 6.380586e-02 7.302347e-02 -6.742523e-02
11-12 -1.192519e-01 6.493607e-02 1.285466e-01 3.516284e-02
11-12 -1.098294e-01 6.936558e-02 1.171469e-01 8.838768e-02
11-12 -1.021382e-01 6.350653e-02 4.803924e-02 6.780471e-03
11-12 -1.101558e-01 6.260883e-02 1.109367e-01 -3.663247e-02
11-12 -1.099950e-01 6.505976e-02 8.028943e-02 9.363691e-02
11-12 -1.131973e-01 6.274343e-02 1.300332e-04 1.006670e-01
11-12 -1.136382e-01 6.013799e-02 3.930017e-02 2.097132e-02
11-12 -1.101309e-01 6.151024e-02 -7.051721e-03 -1.722108e-02
11-12 -1.152872e-01 5.902726e-02 -1.286652e-01 -1.890104e-03
11-12 -1.279480e-01 6.269664e-02 -1.434091e-01 -4.728301e-02
11-12 -1.325836e-01 7.231940e-02 -7.407709e-02 -9.515866e-02
11-12 -1.214228e-01 6.621080e-02 -2.718810e-02 -2.805214e-02
11-12 -1.180697e-01 5.898779e-02 -8.305337e-02 -1.750096e-02
11-12 -1.317433e-01 6.530240e-02 -7.847804e-02 2.720178e-03
11-12 -1.379462e-01 7.350699e-02 -4.201630e-02 -4.569371e-02
11-12 -1.035948e-01 6.810065e-02 1.091528e-01 -4.305293e-02
11-12 -1.109301e-01 6.570537e-02 2.432555e-02 2.994184e-02
11-12 -9.013062e-02 6.650731e-02 3.338481e-02 7.122467e-02
11-12 -1.202425e-01 6.588899e-02 8.671304e-02 -8.353515e-02
11-12 -1.056715e-01 5.626602e-02 1.056019e-01 -2.697114e-02
11-12 -1.245100e-01 5.885507e-02 -1.297377e-02 5.318245e-02
11-12 -1.339900e-01 6.008222e-02 5.078767e-02 -2.290114e-03
11-12 -1.296848e-01 5.852028e-02 1.213898e-01 -1.623874e-01
11-12 -1.185569e-01 6.099845e-02 2.021560e-02 6.770342e-03
12-13 -1.142337e-01 5.534407e-02 1.511684e-01 1.157458e-01
12-13 -1.218072e-01 5.870738e-02 1.637176e-01 -2.782164e-02
12-13 -1.167325e-01 6.251815e-02 3.959043e-02 1.759322e-01
12-13 -8.489929e-02 5.625517e-02 1.652121e-01 3.281178e-01
12-13 -1.135589e-01 5.093850e-02 2.313832e-01 1.173451e-01
12-13 -1.089149e-01 5.636287e-02 1.411601e-01 7.688422e-02
12-13 -1.006690e-01 6.061619e-02 -4.240793e-03 2.213552e-01
12-13 -1.079874e-01 6.048276e-02 -8.431803e-03 6.048418e-02
12-13 -1.116248e-01 6.887618e-02 6.213452e-02 -3.689320e-02
12-13 -1.015826e-01 7.491192e-02 9.161860e-02 1.551160e-01
12-13 -9.946349e-02 6.669665e-02 1.243839e-01 1.771342e-01
12-13 -1.071726e-01 6.276870e-02 1.481628e-01 -6.670476e-03
12-13 -1.017855e-01 6.681756e-02 7.350485e-02 2.615218e-02
12-13 -9.326701e-02 6.654520e-02 -7.601292e-03 8.170674e-03
12-13 -9.650225e-02 5.940809e-02 4.186753e-02 -9.360580e-03
12-13 -1.033767e-01 5.805944e-02 9.387906e-02 -1.934110e-02
12-13 -1.029366e-01 6.659243e-02 8.697709e-02 7.503573e-02
12-13 -1.048006e-01 7.270476e-02 4.756973e-02 -8.410780e-03
12-13 -1.008341e-01 7.018887e-02 4.731901e-02 4.346367e-02
12-13 -9.445998e-02 6.603958e-02 5.099853e-02 -4.800347e-04
12-13 -9.588985e-02 6.761698e-02 2.309394e-02 -7.419541e-02
12-13 -1.036060e-01 6.992135e-02 -3.732730e-02 -8.300660e-03
12-13 -1.028332e-01 7.232035e-02 -5.113969e-02 5.388479e-02
12-13 -1.065976e-01 7.735357e-02 -1.825379e-02 -9.636001e-02
12-13 -1.230850e-01 8.340531e-02 -5.895641e-02 -7.753952e-02
12-13 -1.236614e-01 8.046341e-02 -5.633550e-02 5.467599e-02
12-13 -1.262039e-01 7.507999e-02 2.170635e-03 3.853339e-02
12-13 -1.191345e-01 7.204595e-02 -1.034273e-02 -7.464592e-02
12-13 -1.170979e-01 7.153984e-02 -1.047269e-01 -2.126173e-02
12-13 -1.116239e-01 6.538081e-02 -7.923849e-02 8.499615e-02
12-13 -1.585578e-02 6.726451e-02 -1.429605e-01 5.010381e-03
12-13 -1.056147e-01 7.628256e-02 4.963028e-02 6.780663e-03
12-13 -1.046347e-01 7.980975e-02 -4.338920e-02 3.509376e-02
12-13 -5.438968e-02 7.504322e-02 -8.110404e-03 3.681348e-02
12-13 -8.485218e-02 7.547696e-02 -1.754234e-02 -6.357617e-02
12-13 -1.115196e-01 7.493438e-02 -2.801665e-02 -6.604645e-02
12-13 -1.192410e-01 7.122910e-02 -1.005879e-01 -7.443643e-02
12-13 -1.182712e-01 7.163452e-02 -5.688531e-02 -1.447524e-01
12-13 -1.228974e-01 7.095399e-02 -5.701646e-02 -2.205981e-01
12-13 -1.225289e-01 6.897128e-02 -1.152528e-01 -5.496436e-02
12-13 -1.171885e-01 6.823081e-02 -9.719547e-02 -6.744542e-02
12-13 -8.796316e-02 6.407240e-02 -7.833164e-02 -1.063777e-01
12-13 -9.916315e-02 5.560920e-02 1.376247e-02 -4.023233e-02
12-13 -9.141793e-02 5.350939e-02 -2.657378e-02 4.643251e-02
12-13 -9.387391e-02 5.774583e-02 -4.662731e-02 -7.798469e-02
12-13 -9.812655e-02 6.279760e-02 -1.580275e-02 -7.349522e-02
12-13 -1.051435e-01 6.599872e-02 -2.821570e-02 1.328110e-02
12-13 -1.110393e-01 6.926313e-02 -1.067250e-02 -3.880383e-02
12-13 -1.103094e-01 6.597719e-02 -2.088494e-02 -1.290418e-01
12-13 -1.054349e-01 5.904528e-02 -2.763591e-02 -2.391170e-02
12-13 -1.010810e-01 5.874543e-02 -1.058210e-02 2.207154e-02
12-13 -1.010002e-01 5.939960e-02 7.802562e-02 3.781281e-02
12-13 -9.897622e-02 5.371157e-02 9.634832e-02 8.513565e-02
12-13 -9.511896e-02 5.044217e-02 -1.350235e-02 3.151190e-02
12-13 -9.419358e-02 5.123455e-02 -9.852703e-02 3.323204e-02
12-13 -9.107985e-02 5.180758e-02 -6.744013e-02 1.115070e-02
12-13 -3.222967e-02 4.971042e-02 2.743034e-02 3.866221e-02
12-13 -8.734071e-02 5.250724e-02 2.313328e-02 2.843180e-02
12-13 -8.922206e-02 5.075009e-02 -6.811063e-02 1.237778e-01
12-13 -9.013964e-02 4.487376e-02 -1.057463e-01 2.400125e-04
13-14 -9.861103e-02 7.000359e-02 -5.280066e-02 7.706718e-02
13-14 -9.385190e-02 6.979350e-02 -9.453744e-02 1.249217e-01
13-14 -8.968885e-02 6.068826e-02 8.972547e-02 -5.928420e-02
13-14 -8.860277e-02 5.990964e-02 1.569064e-01 -2.560178e-02
13-14 -9.157644e-02 6.428065e-02 1.791325e-02 1.232201e-01
13-14 -5.559181e-02 6.478448e-02 -8.780529e-03 -5.930480e-02
13-14 -8.346270e-03 5.859963e-02 4.430001e-02 -2.582166e-01
13-14 -8.769095e-02 5.700204e-02 -6.442094e-02 -1.429392e-01
13-14 -8.740073e-02 6.159230e-02 -3.907645e-02 2.580198e-03
13-14 -7.815161e-02 5.895269e-02 -4.952640e-02 -1.658016e-01
13-14 -8.591938e-02 6.100697e-02 -9.514579e-02 -1.933742e-01
13-14 -8.725465e-02 6.738241e-02 -1.514056e-01 -4.442394e-02
13-14 -8.470115e-02 6.880538e-02 -4.755754e-02 1.870171e-03
13-14 -7.907030e-02 5.886066e-02 -2.088294e-02 -4.589318e-02
13-14 -8.053900e-02 6.011166e-02 -8.690286e-02 -1.342100e-02
13-14 -7.631052e-02 6.310891e-02 -9.301198e-02 1.217103e-02
13-14 -6.985481e-02 6.154956e-02 6.870707e-03 3.908305e-02
13-14 -7.654320e-02 5.868548e-02 2.836367e-02 8.287591e-02
13-14 -8.431727e-02 6.532644e-02 -4.343694e-02 1.493131e-02
13-14 -7.754793e-02 6.457087e-02 -5.312688e-02 -2.504220e-02
13-14 -4.994619e-02 6.138451e-02 5.060225e-03 7.756591e-02
13-14 -8.002360e-02 6.034239e-02 1.670221e-03 3.731273e-02
13-14 -8.254624e-02 6.640286e-02 -1.600227e-04 -6.309536e-02
13-14 -7.628991e-02 6.292989e-02 1.837224e-02 7.083537e-02
13-14 -8.174710e-02 6.073530e-02 4.991720e-02 1.130880e-01
13-14 -8.528679e-02 6.381499e-02 1.277802e-01 1.859149e-02
13-14 -8.140073e-02 6.577950e-02 5.870806e-03 -1.609137e-02
13-14 -8.207736e-02 6.047649e-02 -3.800504e-03 1.060677e-01
13-14 -8.354221e-02 5.431210e-02 1.296183e-01 8.465480e-02
13-14 -7.289380e-02 5.764531e-02 1.421156e-01 8.702539e-02
13-14 -2.575666e-02 6.225298e-02 9.412189e-02 1.458914e-01
13-14 -8.943012e-02 6.621035e-02 2.460420e-02 8.009738e-02
13-14 -8.134412e-02 5.626711e-02 7.023994e-02 -5.523390e-02
13-14 -6.858625e-02 5.569172e-02 -2.283217e-02 5.984419e-02
13-14 -7.783546e-02 6.391755e-02 9.267248e-02 1.615547e-01
13-14 -8.761817e-02 6.613154e-02 7.346252e-02 9.125823e-02
13-14 -8.688287e-02 5.897930e-02 1.155188e-01 6.671478e-02
13-14 -9.446295e-02 5.917740e-02 7.246371e-02 1.702729e-01
13-14 -8.912766e-02 5.325120e-02 2.157359e-02 1.957829e-01
13-14 -8.714927e-02 4.976183e-02 9.679544e-02 8.818495e-02
13-14 -9.322302e-02 4.888683e-02 1.162902e-01 8.781505e-02
13-14 -7.915689e-02 5.433077e-02 8.851025e-02 1.431404e-01
13-14 -9.203994e-02 4.692782e-02 6.090021e-02 6.429351e-02
13-14 -8.307019e-02 4.356330e-02 1.767444e-01 -3.232148e-02
13-14 -9.379430e-02 5.239110e-02 1.205805e-01 6.585450e-02
13-14 -9.836017e-02 6.015212e-02 6.783324e-02 1.422822e-01
13-14 -9.738263e-02 5.402667e-02 1.390875e-01 9.819621e-02
13-14 -9.779399e-02 5.656121e-02 1.115318e-01 6.775460e-02
13-14 -9.575837e-02 6.595018e-02 1.107209e-02 1.573951e-01
13-14 -1.014176e-01 6.418087e-02 2.031465e-02 1.397128e-01
13-14 -1.015640e-01 5.731172e-02 1.622672e-01 1.080579e-01
13-14 -1.012015e-01 5.545605e-02 1.843298e-01 1.308892e-01
13-14 -1.014641e-01 5.725848e-02 1.127743e-01 1.615819e-01
13-14 -1.024165e-01 5.679338e-02 9.074041e-02 7.555530e-02
13-14 -1.126004e-01 6.023649e-02 1.139312e-01 -2.699208e-02
13-14 -1.095557e-01 5.735061e-02 7.590001e-02 -3.033215e-02
13-14 -4.187557e-02 5.485126e-02 2.049180e-01 2.249136e-02
13-14 -1.032959e-01 5.153910e-02 3.345748e-02 7.470380e-03
13-14 -1.091482e-01 5.640202e-02 5.563345e-02 -1.555094e-02
13-14 -1.126421e-01 6.136067e-02 -2.733710e-02 6.900519e-04
